                                                     REGISTRO DE NOTAS
========================================================================================================================
Codigo         Curso          Ciclo          Nota           Vez       Creditos       Codigo de Acceso
========================================================================================================================
202111260      INF246         202301         11             1         4              202111260INF246
202111260      MEC289         202202         15             1         3              202111260MEC289
202111397      FIS220         202201         1              1         3.5            202111397FIS220
202111397      FIS220         202202         6              2         5              
202111397      MEC270         202201         1              1         3.5            202111397MEC270
202111397      MEC270         202202         19             2         5              
202113223      MEC270         202202         16             1         3.5            202113223MEC270
202114285      MEC289         202301         19             1         3              202114285MEC289
202114739      MAT241         202202         15             1         4              202114739MAT241
202114739      MEC206         202302         20             1         3              202114739MEC206
202115400      FIS220         202201         15             1         3.5            202115400FIS220
202115802      INF263         202301         18             1         4.5            202115802INF263
202115802      MEC206         202102         7              1         3              202115802MEC206
202115802      MEC206         202201         16             2         4              
202115802      MEC289         202201         20             1         3              202115802MEC289
202116038      INF246         202202         11             1         4              202116038INF246
202116038      MAT241         202201         20             1         4              202116038MAT241
202116963      FIS220         202302         20             1         3.5            202116963FIS220
202116963      MEC206         202301         14             1         3              202116963MEC206
202116963      MEC289         202302         20             1         3              202116963MEC289
202119153      FIS220         202201         15             1         3.5            202119153FIS220
202119153      MEC270         202201         16             1         3.5            202119153MEC270
202119707      INF246         202202         4              1         4              202119707INF246
202119707      INF246         202301         5              2         5.5            
202119707      INF246         202302         17             3         8              
202119707      MEC289         202202         7              1         3              202119707MEC289
202119958      INF246         202201         17             1         4              202119958INF246
202119958      MAT241         202302         17             1         4              202119958MAT241
202119958      MEC270         202202         19             1         3.5            202119958MEC270
202121791      MAT241         202202         16             1         4              202121791MAT241
202122742      FIS220         202301         17             1         3.5            202122742FIS220
202123373      INF246         202202         7              1         4              202123373INF246
202123402      INF246         202201         5              1         4              202123402INF246
202123402      INF246         202202         16             2         5.5            
202123703      INF263         202301         9              1         4.5            202123703INF263
202123703      INF263         202302         9              2         6              
202123703      MAT241         202202         13             1         4              202123703MAT241
202123703      MEC270         202302         14             1         3.5            202123703MEC270
202125607      FIS220         202202         14             1         3.5            202125607FIS220
202125607      MEC206         202201         19             1         3              202125607MEC206
202125775      FIS220         202201         3              1         3.5            202125775FIS220
202125775      FIS220         202202         19             2         5              
202125775      MEC206         202201         18             1         3              202125775MEC206
202125775      MEC270         202301         20             1         3.5            202125775MEC270
202126490      MEC206         202302         11             1         3              202126490MEC206
202127344      INF263         202202         16             1         4.5            202127344INF263
202127344      MEC270         202101         1              1         3.5            202127344MEC270
202127344      MEC270         202102         2              2         5              
202127344      MEC270         202201         14             3         7              
202127660      INF263         202302         12             1         4.5            202127660INF263
202129719      FIS220         202201         16             1         3.5            202129719FIS220
202129719      INF246         202201         16             1         4              202129719INF246
202129719      MEC270         202201         4              1         3.5            202129719MEC270
202129719      MEC270         202202         15             2         5              
202129735      FIS220         202201         19             1         3.5            202129735FIS220
202129735      INF263         202302         16             1         4.5            202129735INF263
202129735      MEC289         202201         13             1         3              202129735MEC289
202129785      MAT241         202201         12             1         4              202129785MAT241
202211325      INF263         202301         6              1         4.5            202211325INF263
202211325      INF263         202302         19             2         6              
202211325      MAT241         202201         11             1         4              202211325MAT241
202213745      INF246         202201         12             1         4              202213745INF246
202214204      INF246         202301         6              1         4              202214204INF246
202214204      INF246         202302         16             2         5.5            
202214204      MEC289         202201         4              1         3              202214204MEC289
202214204      MEC289         202202         20             2         4              
202214712      INF246         202302         12             1         4              202214712INF246
202214712      MAT241         202202         19             1         4              202214712MAT241
202215067      MEC206         202201         18             1         3              202215067MEC206
202215067      MEC289         202202         11             1         3              202215067MEC289
202215494      FIS220         202302         14             1         3.5            202215494FIS220
202215494      MEC206         202202         3              1         3              202215494MEC206
202215494      MEC206         202301         19             2         4              
202215494      MEC270         202101         1              1         3.5            202215494MEC270
202215494      MEC270         202102         2              2         5              
202215494      MEC270         202201         16             3         7              
202216453      MAT241         202201         4              1         4              202216453MAT241
202216453      MAT241         202202         3              2         5.5            
202216453      MAT241         202301         11             3         8              
202216453      MEC206         202102         8              1         3              202216453MEC206
202216453      MEC206         202201         10             2         4              
202216453      MEC270         202201         16             1         3.5            202216453MEC270
202217030      INF263         202302         18             1         4.5            202217030INF263
202219437      MEC270         202202         8              1         3.5            202219437MEC270
202219437      MEC289         202301         7              1         3              202219437MEC289
202219437      MEC289         202302         17             2         4              
202219773      INF246         202302         18             1         4              202219773INF246
202219773      MAT241         202202         13             1         4              202219773MAT241
202222447      INF263         202302         17             1         4.5            202222447INF263
202223508      FIS220         202302         8              1         3.5            202223508FIS220
202223508      MEC206         202201         2              1         3              202223508MEC206
202223508      MEC206         202202         15             2         4              
202224569      FIS220         202302         17             1         3.5            202224569FIS220
202224569      INF263         202201         13             1         4.5            202224569INF263
202224569      MEC206         202202         14             1         3              202224569MEC206
202224569      MEC270         202301         20             1         3.5            202224569MEC270
202224918      INF246         202202         13             1         4              202224918INF246
202224918      MAT241         202201         12             1         4              202224918MAT241
202225778      INF246         202301         19             1         4              202225778INF246
202225778      MAT241         202301         12             1         4              202225778MAT241
202225778      MEC270         202201         16             1         3.5            202225778MEC270
202226249      MEC270         202202         20             1         3.5            202226249MEC270
202226249      MEC289         202201         15             1         3              202226249MEC289
202226929      FIS220         202301         13             1         3.5            202226929FIS220
202226929      MEC270         202201         6              1         3.5            202226929MEC270
202226929      MEC270         202301         15             2         5              
202227316      MEC289         202102         3              1         3              202227316MEC289
202227316      MEC289         202201         9              2         4              
202227316      MEC289         202202         12             3         4.5            
202311247      MAT241         202302         15             1         4              202311247MAT241
202311247      MEC270         202302         19             1         3.5            202311247MEC270
202311748      FIS220         202302         5              1         3.5            202311748FIS220
202311748      INF246         202302         18             1         4              202311748INF246
202312000      FIS220         202201         7              1         3.5            202312000FIS220
202312000      MEC206         202301         8              1         3              202312000MEC206
202312000      MEC289         202301         2              1         3              202312000MEC289
202312000      MEC289         202302         18             2         4              
202312050      INF263         202301         5              1         4.5            202312050INF263
202312050      MAT241         202202         2              1         4              202312050MAT241
202312050      MAT241         202301         7              2         5.5            
202312050      MAT241         202302         10             3         8              
202312050      MEC206         202301         17             1         3              202312050MEC206
202312360      FIS220         202301         14             1         3.5            202312360FIS220
202312360      INF246         202201         5              1         4              202312360INF246
202312360      INF246         202202         5              2         5.5            
202312360      INF246         202301         12             3         8              
202312360      MEC270         202301         14             1         3.5            202312360MEC270
202312360      MEC289         202202         19             1         3              202312360MEC289
202312501      MEC206         202302         16             1         3              202312501MEC206
202312501      MEC270         202201         13             1         3.5            202312501MEC270
202313065      INF263         202202         16             1         4.5            202313065INF263
202313122      MAT241         202201         11             1         4              202313122MAT241
202313122      MEC206         202202         18             1         3              202313122MEC206
202313122      MEC289         202101         4              1         3              202313122MEC289
202313122      MEC289         202102         9              2         4              
202313122      MEC289         202201         11             3         4.5            
202313249      FIS220         202202         4              1         3.5            202313249FIS220
202313249      FIS220         202301         2              2         5              
202313249      FIS220         202302         17             3         7              
202313249      INF246         202101         5              1         4              202313249INF246
202313249      INF246         202102         4              2         5.5            
202313249      INF246         202201         11             3         8              
202313249      MAT241         202202         9              1         4              202313249MAT241
202313754      INF246         202102         6              1         4              202313754INF246
202313754      INF246         202201         20             2         5.5            
202313754      MEC270         202202         5              1         3.5            202313754MEC270
202314919      FIS220         202301         20             1         3.5            202314919FIS220
202314919      MAT241         202201         7              1         4              202314919MAT241
202314919      MAT241         202202         18             2         5.5            
202315318      INF246         202302         17             1         4              202315318INF246
202315318      MAT241         202201         17             1         4              202315318MAT241
202315527      INF246         202301         7              1         4              202315527INF246
202315527      INF263         202302         11             1         4.5            202315527INF263
202315643      INF246         202201         17             1         4              202315643INF246
202315643      MEC270         202202         13             1         3.5            202315643MEC270
202315724      INF246         202202         17             1         4              202315724INF246
202315724      MAT241         202202         12             1         4              202315724MAT241
202315724      MEC270         202202         5              1         3.5            202315724MEC270
202315763      MAT241         202202         20             1         4              202315763MAT241
202316015      FIS220         202202         13             1         3.5            202316015FIS220
202316015      INF246         202301         18             1         4              202316015INF246
202318072      INF263         202302         14             1         4.5            202318072INF263
202318318      INF246         202301         12             1         4              202318318INF246
202318318      INF263         202201         17             1         4.5            202318318INF263
202318320      FIS220         202202         11             1         3.5            202318320FIS220
202318320      INF263         202202         5              1         4.5            202318320INF263
202318320      INF263         202301         20             2         6              
202318320      MAT241         202302         19             1         4              202318320MAT241
202318320      MEC289         202301         9              1         3              202318320MEC289
202318320      MEC289         202302         16             2         4              
202318383      INF246         202201         9              1         4              202318383INF246
202318383      INF246         202202         16             2         5.5            
202318383      INF263         202201         12             1         4.5            202318383INF263
202319103      FIS220         202302         17             1         3.5            202319103FIS220
202319103      INF246         202202         7              1         4              202319103INF246
202319103      INF263         202202         13             1         4.5            202319103INF263
202319103      MAT241         202301         16             1         4              202319103MAT241
202319927      MAT241         202301         20             1         4              202319927MAT241
