71984468  
308982    20191006        1.12
696000    20190807        0.85
511824    20220211        8.13
485302    20211128        5.99
244316    20210305        6.67
620036    20201126        6.41
29847168  
927404    20210101        3.79
178097    20210802        4.49
412041    20200304       11.35
415932    20200626        1.17
731238    20210423        7.50
582920    20191230        1.16
204890    20211102        9.45
79475585  
826317    20200514        3.80
411461    20200907        6.89
455703    20191216        7.81
925916    20210124        8.54
696000    20200718        5.32
462755    20200430        5.07
91897732  
422763    20200720        6.44
714788    20211109       11.52
582920    20210309        1.66
387889    20211004       11.71
731238    20210705        9.37
620036    20211217        9.02
311343    20190313        6.30
33397650  
874884    20190817       11.30
630286    20201213        5.06
423073    20190101        4.04
118050    20201007        8.64
172692    20190201        5.60
455703    20190605        6.90
248223    20190729        3.48
178097    20190628        9.01
714788    20211226        8.60
927404    20210115       10.71
520755    20210324        4.34
793026    20211111        2.84
83236386  
455703    20190815       10.54
992564    20190803        9.37
308982    20200911        2.18
434681    20190713        3.91
882099    20211020        1.08
244316    20200806        3.78
32821689  
793026    20200419        5.54
390920    20200428        3.60
942003    20211019        8.61
126218    20201010        1.81
753496    20210101        1.24
162581    20200210        4.20
631403    20210701       10.32
45783712  
374588    20190105        8.43
162581    20190701        3.41
283781    20201002        7.90
748899    20190927        9.70
825712    20200706        9.22
48184351  
511824    20220202        1.21
582920    20190725        1.48
132999    20220329        6.45
691890    20190602        5.46
565169    20201231       11.59
613623    20210929        5.16
714788    20200531        4.36
311343    20190418        2.62
179485    20200417       11.68
33713901  
317404    20200419        0.52
200984    20210902        5.11
168505    20191203        5.50
748899    20200805        3.95
412041    20200126       11.12
744237    20190506       11.26
170844    20190319        7.20
690039    20191202        8.38
76388967  
151641    20200509       11.50
387889    20190421        2.24
317404    20201129        3.19
731238    20190203        6.39
632129    20190105        5.29
81114108  
631403    20201006        2.81
444809    20200605        4.90
582920    20190710        1.56
151641    20220124       11.60
162581    20220205        6.14
459032    20201105        3.30
565169    20200309       11.43
182942    20200921        6.93
923804    20210713        6.74
311343    20190519        4.92
57263719  
455703    20220101        5.18
462755    20200519        3.76
126218    20200925        1.47
948168    20211122        9.04
219619    20220106        4.92
434681    20200727        9.36
734432    20211010       11.03
79140840  
428331    20210415       10.01
900698    20210520        2.77
311343    20190518        9.82
620036    20210528        2.38
734432    20210717        2.60
880988    20220221        7.68
311343    20190529        7.56
71378466  
397718    20201026        1.78
793026    20200319        7.38
874503    20210117        8.02
501182    20210104        4.83
317404    20211219        0.56
469016    20200529        9.89
406688    20190424        3.36
17913944  
748008    20191020        4.93
882099    20211129        5.75
691890    20191228        1.35
459032    20190923        1.96
588754    20200813        0.69
734979    20201015        7.45
891590    20210422        7.62
336973    20201129        9.02
620036    20210205        3.45
397718    20210704        0.31
499460    20210322        2.12
62566305  
613623    20201123        6.90
690039    20210227        1.66
725312    20200730       10.94
168505    20220123       11.87
46462527  
374253    20191018        0.17
342342    20190726       11.45
132999    20200714        3.93
744237    20200816        0.00
997564    20191009        5.47
126218    20191012        1.95
961802    20211227        2.43
778066    20211003        1.01
690039    20210316        1.88
415932    20210606       11.11
994185    20210529        4.47
170844    20200312        4.59
788630    20190527        1.06
961627    20210823        6.35
