Medico:  Tabori Arias Rosario
Codigo:  OF9852
Honorarios por cita:     955.15
====================================================================================================
Pacientes atendidos: 
----------------------------------------------------------------------------------------------------
No.       Paciente   Veces    Pago              Seguro
 1)         718917         1    955.15         907.39
 2)         732539         1    955.15         506.61
 3)         849253         1    955.15         318.45
 4)         701419         1    955.15         706.14
 5)         648719         1    955.15         460.19
 6)         977556         1    955.15         535.46
 7)         975942         1    955.15          58.17
 8)         710333         1    955.15         820.76
 9)         831478         1    955.15         881.60
10)         683914         1    955.15         623.90
11)         866458         1    955.15         808.73
12)         892455         1    955.15         512.06
13)         812663         1    955.15         905.67
14)         958322         1    955.15         807.01
15)         684369         1    955.15         578.63
16)         745356         1    955.15         543.10
17)         806874         1    955.15         841.20
18)         642239         1    955.15         374.32
19)         757608         1    955.15         666.03
20)         946743         1    955.15         626.58
21)         790233         1    955.15         642.05
22)         819017         1    955.15         181.67
23)         647813         1    955.15         327.52
24)         757577         1    955.15         751.42
25)         798691         1    955.15         713.11
26)         704137         1    955.15           0.00
27)         645450         1    955.15         470.79
====================================================================================================
Monto total recibido por pacientes:       10220.49
Monto a solicitar al seguro:              15568.56
Total de citas atendidas:                    27
====================================================================================================
Medico:  Ayala Zevallos Johan Enrique
Codigo:  TR9491
Honorarios por cita:     720.64
====================================================================================================
Pacientes atendidos: 
----------------------------------------------------------------------------------------------------
No.       Paciente   Veces    Pago              Seguro
 1)         637427         1    720.64         674.23
 2)         629757         1    720.64          75.16
 3)         632927         1    720.64         574.42
 4)         948643         1    720.64         559.14
 5)         938363         1    720.64         341.66
 6)         996128         1    720.64         583.93
 7)         798799         1    720.64         646.49
 8)         762744         1    720.64           0.00
 9)         837419         1    720.64         139.66
10)         651743         1    720.64         372.57
11)         661264         1    720.64         112.06
12)         909160         1    720.64         314.99
13)         741156         1    720.64         244.30
14)         833287         1    720.64         492.49
15)         811709         1    720.64         482.83
16)         832309         1    720.64         642.45
17)         969996         1    720.64         420.21
18)         836165         1    720.64         201.64
19)         645450         1    720.64         355.20
20)         996128         1    720.64         583.93
21)         880906         1    720.64         379.56
22)         629757         1    720.64          75.16
23)         771803         1    720.64          76.10
24)         887167         1    720.64         616.15
25)         818881         1    720.64         303.03
26)         884464         1    720.64         334.02
27)         982884         1    720.64         635.89
28)         810294         1    720.64         408.24
29)         773263         1    720.64         618.38
30)         743155         1    720.64         360.82
31)         831478         1    720.64         665.15
32)         687006         1    720.64         459.48
33)         662589         1    720.64         545.74
34)         759817         1    720.64         261.95
35)         651743         1    720.64         372.57
36)         911742         1    720.64         405.65
37)         675277         1    720.64         504.66
38)         806874         1    720.64         634.67
39)         986299         1    720.64         174.83
40)         807001         1    720.64         240.98
41)         854910         1    720.64         308.72
42)         961300         1    720.64         643.75
43)         837717         1    720.64         445.86
====================================================================================================
Monto total recibido por pacientes:       13698.79
Monto a solicitar al seguro:              17288.73
Total de citas atendidas:                    43
====================================================================================================
Medico:  Collado Villa Raul
Codigo:  CA3822
Honorarios por cita:     284.04
====================================================================================================
Pacientes atendidos: 
----------------------------------------------------------------------------------------------------
No.       Paciente   Veces    Pago              Seguro
 1)         850963         1    284.04         253.65
 2)         821541         1    284.04          92.11
 3)         777478         1    284.04         221.35
 4)         965049         1    284.04         196.30
 5)         984970         1    284.04         237.46
 6)         983029         1    284.04         225.19
 7)         881508         1    284.04         127.51
 8)         960918         1    284.04         219.59
 9)         759817         1    284.04         103.25
10)         677779         1    284.04           0.00
11)         651743         1    284.04         146.85
12)         831478         1    284.04         262.17
13)         806874         1    284.04         250.15
14)         955078         1    284.04         117.73
15)         728489         1    284.04          65.41
16)         649953         1    284.04         254.44
17)         761321         1    284.04         178.63
18)         984970         1    284.04         237.46
19)         757577         1    284.04         223.45
20)         938363         1    284.04         134.66
21)         983440         1    284.04          50.02
22)         677779         1    284.04           0.00
23)         956086         1    284.04           0.00
24)         857268         1    284.04         232.69
25)         893601         1    284.04          77.15
26)         982479         1    284.04         191.10
27)         945152         1    284.04         159.40
28)         938363         1    284.04         134.66
29)         873914         1    284.04         146.54
30)         891472         1    284.04         257.54
31)         630889         1    284.04          39.79
32)         654600         1    284.04         235.24
33)         887167         1    284.04         242.85
====================================================================================================
Monto total recibido por pacientes:        4058.96
Monto a solicitar al seguro:               5314.36
Total de citas atendidas:                    33
====================================================================================================
Medico:  Zamora Cabrera Carmen
Codigo:  EN4313
Honorarios por cita:     445.12
====================================================================================================
Pacientes atendidos: 
----------------------------------------------------------------------------------------------------
No.       Paciente   Veces    Pago              Seguro
 1)         798429         1    445.12         377.86
 2)         806874         1    445.12         392.02
 3)         647813         1    445.12         152.63
 4)         861214         1    445.12         381.20
 5)         687006         1    445.12         283.81
 6)         948643         1    445.12         345.37
 7)         757210         1    445.12         367.94
 8)         662589         1    445.12         337.09
 9)         742910         1    445.12         333.97
10)         679492         1    445.12          68.50
11)         702634         1    445.12         105.94
12)         821425         1    445.12         311.94
13)         704724         1    445.12         182.63
14)         661264         1    445.12          69.22
15)         777752         1    445.12         163.80
16)         919520         1    445.12         314.52
17)         963189         1    445.12         212.37
18)         889622         1    445.12         136.03
19)         631752         1    445.12         125.70
20)         773263         1    445.12         381.96
21)         642849         1    445.12          48.47
22)         629757         1    445.12          46.43
23)         676294         1    445.12         165.50
24)         760807         1    445.12         254.12
25)         981965         1    445.12         173.55
26)         893623         1    445.12         377.73
27)         889096         1    445.12          66.86
28)         973252         1    445.12         372.39
29)         728611         1    445.12           0.00
30)         704724         1    445.12         182.63
====================================================================================================
Monto total recibido por pacientes:        6621.43
Monto a solicitar al seguro:               6732.17
Total de citas atendidas:                    30
====================================================================================================
Medico:  Portugal Raffo Alexander
Codigo:  GA7574
Honorarios por cita:     173.48
====================================================================================================
Pacientes atendidos: 
----------------------------------------------------------------------------------------------------
No.       Paciente   Veces    Pago              Seguro
 1)         683024         1    173.48         160.56
 2)         881508         1    173.48          77.88
 3)         650509         1    173.48          17.97
 4)         922774         1    173.48          85.99
 5)         710796         1    173.48         108.91
 6)         911906         1    173.48          24.77
 7)         906869         1    173.48         158.46
 8)         837419         1    173.48          33.62
 9)         891472         1    173.48         157.29
10)         881447         1    173.48         158.63
11)         645450         1    173.48          85.51
12)         902327         1    173.48         147.18
13)         649079         1    173.48          99.44
14)         857177         1    173.48          19.50
15)         860834         1    173.48          24.55
16)         946743         1    173.48         113.80
17)         892455         1    173.48          93.00
18)         841574         1    173.48          81.90
19)         857177         1    173.48          19.50
20)         653986         1    173.48          77.51
21)         753123         1    173.48         133.11
22)         666929         1    173.48         139.51
23)         804295         1    173.48           0.00
24)         934577         1    173.48          62.24
25)         647813         1    173.48          59.49
26)         803981         1    173.48          66.27
27)         687072         1    173.48         101.83
====================================================================================================
Monto total recibido por pacientes:        2375.53
Monto a solicitar al seguro:               2308.43
Total de citas atendidas:                    27
====================================================================================================
Medico:  Saenz Aranda Wilmer
Codigo:  GI8983
Honorarios por cita:     140.24
====================================================================================================
Pacientes atendidos: 
----------------------------------------------------------------------------------------------------
No.       Paciente   Veces    Pago              Seguro
 1)         891472         1    140.24         127.16
 2)         733943         1    140.24          91.18
 3)         969996         1    140.24          81.77
 4)         687006         1    140.24          89.42
 5)         841574         1    140.24          66.21
 6)         742910         1    140.24         105.22
 7)         875968         1    140.24          36.91
 8)         629757         1    140.24          14.63
 9)         690097         1    140.24          96.82
10)         651743         1    140.24          72.50
11)         689047         1    140.24           0.00
12)         982884         1    140.24         123.75
13)         998097         1    140.24          40.02
14)         825008         1    140.24          81.31
15)         911906         1    140.24          20.03
16)         851510         1    140.24          75.79
17)         934577         1    140.24          50.32
18)         626390         1    140.24          43.87
19)         825008         1    140.24          81.31
20)         793694         1    140.24          79.25
21)         678450         1    140.24          91.44
22)         649953         1    140.24         125.63
23)         705854         1    140.24          37.71
24)         981302         1    140.24          94.97
25)         626592         1    140.24         130.72
26)         887416         1    140.24          27.29
27)         690097         1    140.24          96.82
28)         821425         1    140.24          98.28
29)         984970         1    140.24         117.24
30)         637427         1    140.24         131.21
31)         678450         1    140.24          91.44
32)         825652         1    140.24           0.00
33)         645450         1    140.24          69.12
34)         672261         1    140.24          56.70
====================================================================================================
Monto total recibido por pacientes:        2222.13
Monto a solicitar al seguro:               2546.03
Total de citas atendidas:                    34
====================================================================================================
Medico:  Chung Zuniga Zkenia Irma
Codigo:  TR3914
Honorarios por cita:     189.91
====================================================================================================
Pacientes atendidos: 
----------------------------------------------------------------------------------------------------
No.       Paciente   Veces    Pago              Seguro
 1)         866312         1    189.91          64.80
 2)         757577         1    189.91         149.40
 3)         996128         1    189.91         153.88
 4)         653986         1    189.91          84.85
 5)         978453         1    189.91         105.42
 6)         759817         1    189.91          69.03
 7)         961300         1    189.91         169.65
 8)         635686         1    189.91          70.70
 9)         695302         1    189.91         151.70
10)         675277         1    189.91         132.99
11)         751070         1    189.91         128.17
12)         953250         1    189.91          89.96
13)         868719         1    189.91         146.67
14)         894135         1    189.91          46.36
15)         973139         1    189.91         135.23
16)         854910         1    189.91          81.36
17)         743155         1    189.91          95.09
18)         978453         1    189.91         105.42
19)         704137         1    189.91           0.00
20)         649079         1    189.91         108.86
21)         753123         1    189.91         145.72
22)         889658         1    189.91          18.99
23)         889658         1    189.91          18.99
24)         840239         1    189.91          24.29
25)         852450         1    189.91         116.43
26)         965049         1    189.91         131.25
27)         900803         1    189.91          18.99
28)         932155         1    189.91         131.38
29)         661264         1    189.91          29.53
30)         981965         1    189.91          74.05
31)         642377         1    189.91          38.99
32)         672261         1    189.91          76.78
33)         759817         1    189.91          69.03
34)         639486         1    189.91         151.70
35)         887416         1    189.91          36.96
====================================================================================================
Monto total recibido por pacientes:        3474.23
Monto a solicitar al seguro:               3172.62
Total de citas atendidas:                    35
====================================================================================================
Medico:  Perez Antezano David Carlos
Codigo:  EN2265
Honorarios por cita:     644.36
====================================================================================================
Pacientes atendidos: 
----------------------------------------------------------------------------------------------------
No.       Paciente   Veces    Pago              Seguro
 1)         907870         1    644.36         495.13
 2)         906869         1    644.36         588.56
 3)         834873         1    644.36         178.36
 4)         846513         1    644.36         198.98
 5)         906869         1    644.36         588.56
 6)         710182         1    644.36         366.00
 7)         943118         1    644.36         363.29
 8)         742910         1    644.36         483.46
 9)         838870         1    644.36         387.65
10)         645450         1    644.36         317.61
11)         700236         1    644.36         333.39
12)         798429         1    644.36         547.00
13)         793694         1    644.36         364.13
14)         873914         1    644.36         332.43
15)         969996         1    644.36         375.73
16)         821541         1    644.36         208.97
17)         837419         1    644.36         124.88
18)         861214         1    644.36         551.83
19)         684369         1    644.36         390.35
20)         922774         1    644.36         319.41
21)         792760         1    644.36          83.64
22)         661264         1    644.36         100.20
23)         642377         1    644.36         132.29
24)         956086         1    644.36           0.00
25)         982479         1    644.36         433.53
26)         932021         1    644.36           0.00
27)         753123         1    644.36         494.42
28)         690097         1    644.36         444.87
29)         911906         1    644.36          92.01
30)         771803         1    644.36          68.04
====================================================================================================
Monto total recibido por pacientes:        9966.12
Monto a solicitar al seguro:               9364.68
Total de citas atendidas:                    30
====================================================================================================
