20190102
20190102
20190102
20190103
20190104
20190104
20190105
20190105
20190106
20190106
20190107
20190108
20190109
20190109
20190109
20190110
20190110
20190112
20190112
20190112
20190114
20190116
20190116
20190116
20190116
20190117
20190118
20190118
20190119
20190120
20190120
20190121
20190121
20190122
20190122
20190123
20190125
20190125
20190125
20190126
20190129
20190129
20190129
20190130
20190130
20190130
20190131
20190202
20190203
20190204
20190206
20190206
20190206
20190207
20190208
20190208
20190208
20190210
20190211
20190211
20190212
20190214
20190214
20190215
20190215
20190216
20190217
20190218
20190218
20190220
20190220
20190221
20190221
20190223
20190223
20190224
20190225
20190225
20190226
20190226
20190228
20190228
20190301
20190302
20190304
20190306
20190306
20190306
20190307
20190307
20190308
20190308
20190309
20190310
20190311
20190311
20190311
20190312
20190313
20190313
20190314
20190314
20190315
20190316
20190317
20190317
20190318
20190318
20190318
20190318
20190318
20190319
20190319
20190320
20190320
20190321
20190321
20190322
20190323
20190323
20190325
20190325
20190327
20190327
20190330
20190330
20190401
20190403
20190404
20190405
20190405
20190406
20190407
20190407
20190408
20190408
20190411
20190411
20190413
20190415
20190416
20190418
20190419
20190419
20190420
20190420
20190422
20190422
20190422
20190425
20190426
20190429
20190430
20190430
20190501
20190501
20190502
20190502
20190503
20190503
20190503
20190503
20190504
20190505
20190505
20190506
20190509
20190510
20190510
20190513
20190513
20190513
20190514
20190514
20190514
20190515
20190515
20190515
20190516
20190518
20190518
20190519
20190519
20190520
20190521
20190521
20190521
20190522
20190522
20190523
20190524
20190526
20190526
20190527
20190528
20190528
20190530
20190530
20190531
20190531
20190531
20190601
20190601
20190602
20190603
20190603
20190605
20190605
20190606
20190607
20190608
20190608
20190608
20190610
20190610
20190610
20190611
20190612
20190612
20190612
20190612
20190613
20190614
20190615
20190616
20190617
20190617
20190619
20190619
20190619
20190620
20190621
20190621
20190621
20190623
20190624
20190625
20190625
20190625
20190625
20190626
20190626
20190627
20190628
20190628
20190629
20190629
20190629
20190630
20190630
20190701
20190702
20190702
20190702
20190702
20190704
20190705
20190706
20190708
20190709
20190710
20190711
20190712
20190712
20190712
20190713
20190714
20190714
20190715
20190716
20190717
20190718
20190721
20190722
20190722
20190723
20190724
20190724
20190726
20190726
20190727
20190727
20190729
20190729
20190801
20190803
20190805
20190806
20190806
20190808
20190808
20190809
20190809
20190809
20190810
20190810
20190810
20190811
20190812
20190814
20190814
20190814
20190816
20190818
20190818
20190820
20190820
20190821
20190824
20190824
20190825
20190826
20190827
20190830
20190831
20190831
20190831
20190901
20190901
20190901
20190902
20190902
20190902
20190903
20190903
20190903
20190903
20190904
20190904
20190905
20190905
20190905
20190906
20190906
20190907
20190908
20190910
20190912
20190913
20190913
20190914
20190915
20190915
20190915
20190916
20190916
20190916
20190917
20190919
20190919
20190920
20190922
20190923
20190923
20190924
20190925
20190925
20190926
20190926
20190926
20190927
20190927
20190928
20190928
20190928
20190928
20190928
20190929
20190930
20191001
20191001
20191002
20191003
20191003
20191003
20191004
20191004
20191005
20191006
20191007
20191007
20191007
20191008
20191008
20191009
20191011
20191012
20191012
20191013
20191014
20191017
20191017
20191018
20191018
20191018
20191019
20191019
20191020
20191021
20191021
20191023
20191023
20191023
20191024
20191025
20191026
20191027
20191027
20191027
20191027
20191028
20191029
20191029
20191029
20191031
20191031
20191031
20191101
20191102
20191102
20191102
20191102
20191104
20191104
20191104
20191105
20191106
20191107
20191107
20191108
20191112
20191112
20191112
20191113
20191114
20191116
20191116
20191117
20191117
20191118
20191119
20191119
20191120
20191121
20191122
20191122
20191123
20191125
20191126
20191126
20191127
20191127
20191127
20191127
20191129
20191129
20191203
20191204
20191205
20191205
20191206
20191207
20191210
20191210
20191215
20191216
20191216
20191217
20191217
20191218
20191218
20191219
20191220
20191220
20191221
20191221
20191222
20191222
20191223
20191225
20191225
20191226
20191230
20191231
20191231
20191231
20200101
20200102
20200102
20200103
20200104
20200104
20200106
20200106
20200106
20200107
20200108
20200108
20200109
20200110
20200110
20200110
20200111
20200111
20200111
20200112
20200113
20200113
20200115
20200115
20200115
20200116
20200118
20200119
20200119
20200119
20200120
20200120
20200121
20200121
20200122
20200122
20200122
20200123
20200123
20200124
20200124
20200124
20200125
20200126
20200126
20200126
20200127
20200127
20200127
20200127
20200127
20200129
20200129
20200130
20200201
20200202
20200202
20200203
20200204
20200204
20200204
20200204
20200205
20200205
20200205
20200205
20200205
20200205
20200206
20200206
20200207
20200208
20200208
20200210
20200210
20200212
20200212
20200212
20200214
20200214
20200215
20200215
20200217
20200217
20200217
20200218
20200218
20200219
20200219
20200220
20200220
20200221
20200221
20200222
20200222
20200222
20200222
20200222
20200222
20200223
20200223
20200223
20200224
20200224
20200224
20200225
20200225
20200225
20200225
20200226
20200226
20200226
20200227
20200227
20200228
20200228
20200229
20200301
20200301
20200302
20200302
20200302
20200303
20200303
20200304
20200304
20200304
20200305
20200305
20200306
20200306
20200307
20200308
20200308
20200309
20200310
20200311
20200311
20200312
20200312
20200312
20200312
20200313
20200313
20200314
20200314
20200314
20200315
20200315
20200317
20200317
20200317
20200317
20200317
20200317
20200318
20200319
20200319
20200320
20200320
20200321
20200323
20200324
20200325
20200325
20200325
20200326
20200326
20200327
20200328
20200328
20200329
20200329
20200329
20200330
20200330
20200331
20200401
20200402
20200402
20200403
20200403
20200404
20200404
20200405
20200405
20200406
20200406
20200406
20200407
20200408
20200408
20200409
20200409
20200410
20200411
20200411
20200413
20200413
20200413
20200414
20200414
20200414
20200415
20200416
20200416
20200417
20200417
20200417
20200418
20200418
20200419
20200419
20200421
20200421
20200421
20200422
20200422
20200422
20200422
20200424
20200426
20200426
20200430
20200430
20200501
20200501
20200501
20200503
20200505
20200505
20200505
20200506
20200507
20200507
20200508
20200508
20200508
20200508
20200510
20200511
20200511
20200511
20200512
20200513
20200513
20200513
20200514
20200514
20200514
20200514
20200515
20200515
20200515
20200516
20200516
20200516
20200517
20200518
20200518
20200519
20200519
20200519
20200520
20200521
20200521
20200522
20200522
20200523
20200524
20200524
20200525
20200525
20200525
20200526
20200526
20200526
20200526
20200527
20200527
20200530
20200530
20200531
20200531
20200601
20200601
20200604
20200604
20200605
20200605
20200605
20200606
20200606
20200608
20200608
20200609
20200609
20200609
20200610
20200611
20200613
20200613
20200613
20200613
20200614
20200615
20200615
20200615
20200615
20200616
20200618
20200619
20200619
20200619
20200619
20200620
20200620
20200620
20200621
20200622
20200622
20200622
20200623
20200623
20200624
20200624
20200624
20200625
20200625
20200626
20200626
20200628
20200628
20200629
20200629
20200629
20200630
20200630
20200701
20200702
20200702
20200704
20200704
20200705
20200707
20200707
20200707
20200707
20200708
20200709
20200710
20200710
20200710
20200710
20200711
20200711
20200713
20200714
20200714
20200714
20200714
20200714
20200714
20200715
20200715
20200715
20200716
20200717
20200718
20200719
20200719
20200720
20200720
20200721
20200722
20200722
20200723
20200723
20200724
20200724
20200724
20200725
20200725
20200726
20200726
20200727
20200728
20200728
20200729
20200729
20200801
20200802
20200802
20200802
20200803
20200803
20200803
20200803
20200803
20200804
20200805
20200806
20200806
20200807
20200807
20200807
20200808
20200808
20200808
20200809
20200809
20200809
20200812
20200813
20200813
20200813
20200814
20200814
20200814
20200815
20200815
20200815
20200817
20200817
20200818
20200819
20200819
20200820
20200820
20200820
20200821
20200821
20200821
20200821
20200821
20200821
20200822
20200824
20200825
20200826
20200827
20200827
20200827
20200829
20200830
20200830
20200830
20200830
20200831
20200831
20200831
20200901
20200902
20200903
20200904
20200904
20200904
20200904
20200905
20200907
20200909
20200911
20200912
20200912
20200912
20200913
20200915
20200915
20200916
20200917
20200917
20200917
20200919
20200919
20200919
20200920
20200920
20200921
20200921
20200921
20200922
20200922
20200923
20200924
20200924
20200925
20200925
20200925
20200925
20200927
20200929
20200929
20200930
20200930
20200930
20201003
20201003
20201004
20201004
20201005
20201005
20201006
20201006
20201007
20201007
20201007
20201007
20201009
20201009
20201009
20201010
20201010
20201010
20201011
20201012
20201012
20201013
20201013
20201013
20201013
20201014
20201014
20201015
20201016
20201017
20201017
20201017
20201017
20201017
20201018
20201019
20201019
20201020
20201021
20201021
20201022
20201022
20201023
20201023
20201023
20201024
20201024
20201025
20201027
20201027
20201028
20201029
20201029
20201029
20201030
20201031
20201101
20201101
20201102
20201102
20201102
20201102
20201103
20201103
20201103
20201103
20201104
20201104
20201104
20201105
20201106
20201108
20201108
20201108
20201108
20201109
20201109
20201109
20201110
20201110
20201110
20201112
20201112
20201112
20201113
20201115
20201116
20201116
20201116
20201118
20201119
20201119
20201120
20201120
20201120
20201121
20201121
20201122
20201122
20201123
20201124
20201124
20201125
20201125
20201127
20201127
20201127
20201128
20201128
20201128
20201129
20201202
20201203
20201205
20201205
20201206
20201206
20201207
20201207
20201209
20201210
20201211
20201211
20201214
20201214
20201215
20201215
20201216
20201216
20201217
20201217
20201219
20201219
20201220
20201220
20201220
20201221
20201222
20201222
20201222
20201222
20201223
20201224
20201224
20201225
20201225
20201226
20201227
20201227
20201227
20201229
20201229
20201229
20201230
20201231
