71984468   DOB245     1.78   20201026
71984468   QBL949     5.54   20200419
71984468   BXQ980     0.52   20200419
71984468   PKY423     11.3   20190817
71984468   JLS732    10.01   20210415
71984468   WNG407     5.11   20210902
71984468   LVO823     0.17   20191018
29847168   COH146     1.21   20220202
29847168   PXG612    11.45   20190726
29847168   ZZZ558     5.06   20201213
29847168   WTK725     8.43   20190105
29847168   FTG985      5.5   20191203
29847168   EKO912     3.93   20200714
29847168   ATC667     5.18   20220101
29847168   ZWH973     1.12   20191006
29847168   FDN461     4.04   20190101
29847168   AHJ170     4.93   20191020
29847168   CEO644      3.8   20200514
29847168   HDR120      6.9   20201123
79475585   WCX383     11.5   20200509
79475585   VWZ855     3.41   20190701
79475585   VDW527     8.64   20201007
79475585   UQF710     5.75   20211129
91897732   JGY431     6.89   20200907
91897732   ZNP262     2.24   20190421
91897732   ESY872     2.81   20201006
91897732   WDN215     2.77   20210520
91897732   HRK454     1.35   20191228
91897732   WOY831     9.82   20190518
91897732   YAD504      4.9   20200605
33397650   ATC667     7.81   20191216
33397650   KSJ203     1.48   20190725
33397650   TBZ694     3.79   20210101
33397650   EKO912     6.45   20220329
33397650   ZZE703     1.96   20190923
33397650   GOQ383      7.9   20201002
33397650   BXT767     6.44   20200720
33397650   JLC152        0   20200816
33397650   LCR823     3.76   20200519
83236386   BOU695      5.6   20190201
83236386   JYH547     0.69   20200813
83236386   ATC667      6.9   20190605
83236386   FQW199     5.47   20191009
83236386   VOQ987     3.95   20200805
83236386   HRK454     5.46   20190602
83236386   CZX588     3.48   20190729
83236386   YUR375     4.49   20210802
83236386   BLS951    11.59   20201231
32821689   QBL949     7.38   20200319
32821689   EUK981      3.6   20200428
32821689   UMS702     8.61   20211019
32821689   YUR375     9.01   20190628
32821689   JTV480     1.81   20201010
32821689   ATC667    10.54   20190815
45783712   JTV480     1.95   20191012
45783712   AJL149     2.43   20211227
45783712   JYU160     7.45   20201015
45783712   KSJ203     1.56   20190710
45783712   XVH586     1.01   20211003
45783712   NON280      8.6   20211226
45783712   BXQ980     3.19   20201129
45783712   HDR120     5.16   20210929
45783712   PJH865     1.66   20210227
45783712   WCX383     11.6   20220124
45783712   JTE115     0.85   20190807
48184351   VOQ987      9.7   20190927
48184351   NON280    11.52   20211109
48184351   JTV480     1.47   20200925
48184351   NCS231    11.12   20200126
48184351   NCS231    11.35   20200304
48184351   RDQ145     1.17   20200626
48184351   PJH865     1.88   20210316
48184351   KSJ203     1.66   20210309
48184351   IWV353     8.54   20210124
33713901   ZNP262    11.71   20211004
33713901   VWZ855     6.14   20220205
33713901   UMG249     7.62   20210422
33713901   YSF508     8.02   20210117
33713901   LQZ678     1.24   20210101
33713901   TYN385     9.04   20211122
33713901   JDY387      7.5   20210423
33713901   JDY387     9.37   20210705
33713901   KFF446     2.38   20210528
33713901   JDY387     6.39   20190203
33713901   LVO320     9.02   20201129
76388967   MJY269     4.92   20220106
76388967   TBZ694    10.71   20210115
76388967   NJI884      2.6   20210717
76388967   ZZE703      3.3   20201105
76388967   NON280     4.36   20200531
81114108   KFF446     3.45   20210205
81114108   HPY224     9.22   20200706
81114108   GHG987     9.37   20190803
81114108   BLS951    11.43   20200309
81114108   SAM240     6.93   20200921
81114108   ZRF776     7.68   20220221
81114108   RDQ145    11.11   20210606
81114108   FUK619     4.83   20210104
81114108   EFR523     4.47   20210529
57263719   COH146     8.13   20220211
57263719   YTE181     6.74   20210713
57263719   CEK578    10.94   20200730
79140840   KSJ203     1.16   20191230
79140840   RMU835     4.59   20200312
79140840   JTE115     5.32   20200718
79140840   FTG985    11.87   20220123
79140840   PKF860     5.29   20190105
79140840   JLC152    11.26   20190506
79140840   FBI749     1.06   20190527
79140840   OZB526     5.99   20211128
71378466   ZWH973     2.18   20200911
71378466   JDF223     3.91   20190713
71378466   UQF710     1.08   20211020
71378466   OVX448     6.67   20210305
71378466   LCR823     5.07   20200430
71378466   OVX448     3.78   20200806
17913944   WOY831     4.92   20190519
17913944   KFF446     6.41   20201126
17913944   RMU835      7.2   20190319
17913944   WOY831     7.56   20190529
17913944   XJB147     4.34   20210324
17913944   VWZ855      4.2   20200210
17913944   KFF446     9.02   20211217
17913944   BXQ980     0.56   20211219
17913944   DOB245     0.31   20210704
17913944   WOY831     2.62   20190418
62566305   PJH865     8.38   20191202
62566305   JDF223     9.36   20200727
62566305   SHA692    11.68   20200417
62566305   NJI884    11.03   20211010
62566305   VIO450     9.45   20211102
62566305   QBL949     2.84   20211111
46462527   NBX516     9.89   20200529
46462527   ESY872    10.32   20210701
46462527   HDT170     6.35   20210823
46462527   FIP695     2.12   20210322
46462527   WOY831      6.3   20190313
46462527   VUT136     3.36   20190424
